4005.24  400
4009.71   60
4014.53   80
4021.87  100
4040.64   50
4045.81 4000
4063.59 1500
4066.98   50
4067.98   50
4071.74 1200
4076.63   40
4100.74   40
4107.49   40
4118.54  150
4127.60   40
4132.06  400
4134.68   80
4137.00   40
4143.42  200
4143.87  800
4153.90   40
4154.50   50
4156.80   60
4172.74   50
4174.91   60
4175.64   50
4177.59   50
4181.75  120
4184.89   50
4187.04  120
4187.80  120
4191.43   80
4195.32   40
4198.30  150
4199.10   40
4202.03  300
4203.98   40
4206.70   80
4210.34   80
4216.18  400
4219.36  100
4222.21   50
4225.96   50
4227.42  200
4233.60  100
4235.94  250
4238.80   50
4247.43   50
4250.12  200
4250.79  300
4258.32   40
4260.47  800
4271.15  250
4271.76 1200
4282.40 1200
4291.46   80
4299.23  250
4307.90 1200
4315.08  150
4325.76 1500
4352.73   80
4369.77   80
4375.93  800
4383.54 3000
4404.75 1200
4415.12  300
4427.30  600
4461.65  400
4466.55  120
4476.02   80
4482.17   80
4482.25  200
4489.74   50
4528.61   50
4647.43   30
4736.77   30
4859.74   50
4871.32  120
4872.14   60
4878.21   30
4890.75  100
4891.49  250
4903.31   30
4918.99  150
4920.50  500
4957.60 1500
5001.86   80
5001.91   18
5005.71   30
5006.12  100
5012.07   60
5014.94   30
5030.77   25
5041.76  150
5049.82   30
5051.63   30
5074.75   25
5100.73   18
5110.36  150
5133.69   40
5139.25   40
5139.46  100
5151.91   25
5162.27   30
5166.28   80
5167.49 2500
5168.89   80
5171.60  500
5191.45   50
5192.34   80
5194.94  200
5204.58   30
5215.18   25
5216.27  150
5216.85   18
5226.86   60
5227.15 1000
5232.94  250
5260.26   18
5266.56  100
5269.54 1200
5270.36  800
5281.79   30
5283.62   60
5302.30   25
5324.18  150
5328.04  800
5328.53  300
5332.90  100
5339.93   80
5341.02  500
5364.87   25
5367.47   40
5369.96   50
5371.49  400
5383.37   60
5393.17   40
5397.13  300
5404.12   60
5405.77  250
5410.91   30
5415.20   60
5424.07   60
5427.83   30
5429.70  250
5434.52  100
5446.87  200
5455.45   25
5455.61  120
5465.93   16
5466.94   20
5482.31   16
5497.52   25
5501.46   20
5506.20   18
5506.78   30
5569.62   30
5572.84   60
5586.76  120
5615.64  200
5624.54   20
5662.52   50
5762.99   20
5862.35   30
5914.11   30
5986.96   30
5961.71   18
5962.4    30
6065.48   40
6102.16   30
6136.61   40
6137.69   40
6147.73   30
6149.24   20
6191.56   40
6213.43   30
6219.28   30
6230.73   40
6238.37   20
6246.32   20
6247.56   80
6252.55   30
6393.60   20
6400.00   30
6411.65   20
6416.90   20
6421.35   20
6430.84   30
6446.43   20
6456.38  200
6494.98   60
6516.05   20
6546.24   20
6592.91   20
6677.99   40

