3919.00  360
3955.85  450
3995.00 1000
4035.08  360
4041.31  550
4043.53  360
4099.94  140
4109.95  185
4176.16  285
4227.74  285
4236.91  285
4237.05  220
4241.78  450
4432.74  285
4447.03  650
4530.41  360
4601.48  550
4607.16  450
4613.87  360
4621.39  450
4630.54  870
4643.08  550
4788.13  285
4803.29  450
4847.38  180
4895.11  285
4914.94  160
4935.12  210
4950.23  160
4963.98  350
4987.37  285
4994.36  450
5001.48  650
5002.70  360
5005.15  870
5007.32  550
5010.62  450
5016.39  360
5025.66  360
5045.10  550
5281.20  185
5292.68  140
5495.67  450
5535.36  285
5666.63  650
5676.02  550
5679.56  870
5686.21  450
5710.77  450
5747.30  285
5752.50  700
5764.75  240
5829.54  265
5854.04  235
5927.81  360
5931.78  550
5940.24  285
5941.65  650
5952.39  285
5999.43  160
6008.47  210
6167.76  285
6379.62  360
6411.65  185
6420.64  210
6423.02  210
6428.32  210
6437.68  185
6440.94  235
6457.90  185
6468.44  300
6482.05  750
6482.70  360
6483.75  300
6481.71  265
6484.80  325
6491.22  160
6499.54  210
6506.31  185
6610.56  750
6622.54  185
6636.94  185
6644.96  235
6646.50  185
6653.46  235
6656.51  210
6722.62  185
