3911.96  450
3919.29  160
3947.29  185
3947.48  160
3947.59  140
3954.37  220
3954.61  100
3973.26  450
3982.20  220
4069.90  160
4072.16  285
4075.87  450
4083.91   80
4087.14   50
4089.27  150
4097.24  110
4105.00  220
4119.22  285
4132.81  160
4146.06   50
4153.30  220
4185.46  285
4189.79  450
4233.27   80
4253.74   50
4253.98   50
4275.47   50
4303.78   50
4317.14  285
4336.86  160
4345.56  220
4349.43  285
4366.90  220
4368.25  100
4395.95  220
4414.91  450
4416.98  285
4448.21  160
4452.38  160
4465.45   50
4466.28   50
4467.83   50
4469.41   50
4590.97  360
4596.17  285
4609.39   80
4638.85  160
4641.81  360
4649.14  450
4650.84  160
4661.64  360
4676.23  285
4699.21  220
4705.36  285
4924.60  160
4943.06  220
5329.10  135
5329.68  160
5330.74  190
5435.18   90
5435.78  110
5436.86  135
5577.34  120
5958.39  160
5958.58  190
5995.28   80
6046.23  160
6046.44  190
6046.49  110
6106.27  100
6155.98  400
6156.77  450
6158.18  490
6256.83   80
6261.55  100
6366.34  100
6374.32  100
6453.60  320
6454.44  360
6455.98  400
6604.91   80
6653.83  100
7001.92  360
7002.23  450
7156.70  210
